1000 9251 10390.1
1100 11514.5 12167.1
1200 13455 14126.7
1300 14896.5 16268.9
1400 24049.5 18593.8
1500 25382.5 21101.3
1600 22699 23791.5
1700 26138.5 26664.3
1800 27139 29719.7
1900 31130 32957.7
2000 39587.5 36378.4
2100 38431 39981.7
2200 44391 43767.7
2300 51644.5 47736.3
2400 50072.5 51887.5
2500 53595 56221.4
2600 60773 60737.9
2700 64566.5 65437
2800 67614.5 70318.8
2900 74297.5 75383.2
3000 79688 80630.2
3100 82334 86059.9
3200 90853 91672.2
3300 101640 97467.1
3400 97439.5 103445
3500 119728 109605
3600 110076 115948
3700 125114 122473
3800 119116 129181
3900 142856 136072
4000 147261 143145
4100 162094 150401
4200 147990 157840
4300 172120 165461
4400 176640 173265
4500 185514 181252
4600 183747 189421
4700 194680 197773
4800 198908 206307
4900 212594 215024
5000 228978 223924
