1000 2881.4
1100 3870.2
1200 4070
1300 5168.6
1400 6130.8
1500 6939.2
1600 7564.2
1700 8937
1800 9381.4
1900 11342.8
2000 11433
2100 13140.2
2200 14668.6
2300 15685
2400 16833.8
2500 17648.4
2600 19648.6
2700 21117.2
2800 22332.6
2900 23876.8
3000 25734.2
3100 27036.6
3200 29221.4
3300 30420.2
3400 31568.4
3500 34469.2
3600 36738.8
3700 39250.4
3800 40367.8
3900 42260.8
4000 51254.4
4100 113152
4200 118329
4300 80188.4
4400 53692.8
4500 55477.4
4600 58723
4700 59680.8
4800 101303
4900 161242
5000 126211
