1000 3001.4 3268.51
1100 3665.6 4163.33
1200 4687.1 5134.89
1300 4969.5 6183.19
1400 5816.7 7308.24
1500 6368.7 8510.03
1600 7388.7 9788.56
1700 8466.7 11143.8
1800 10086.2 12575.9
1900 10609.1 14084.6
2000 11464.5 15670.1
2100 24234.8 17332.4
2200 32290.9 19071.3
2300 35637.8 20887.1
2400 38383.4 22779.5
2500 28572.8 24748.7
2600 19595.1 26794.7
2700 19737.8 28917.4
2800 21313.5 31116.8
2900 23106.8 33393
3000 25052.9 35745.9
3100 26834.5 38175.6
3200 64109.3 40682
3300 72155.4 43265.1
3400 48421.1 45925
3500 33908.5 48661.7
3600 36334 51475
3700 38143.3 54365.2
3800 70980.1 57332
3900 96858.4 60375.6
4000 44296.9 63496
4100 47082.4 66693
4200 49087.6 69966.9
4300 98686 73317.4
4400 91975.7 76744.7
4500 55059.5 80248.8
4600 57979.5 83829.6
4700 135116 87487.1
4800 84727.3 91221.4
4900 66573.1 95032.4
5000 123054 98920.2
